image_width: 640
image_height: 480
camera_name: rgb_A00364A01940048A
camera_matrix:
  rows: 3
  cols: 3
  data: [524.8780 , 0, 322.2201, 0, 525.2206, 252.2441, 0, 0, 1]
distortion_model: plumb_bob
distortion_coefficients:
  rows: 1
  cols: 5
  data: [0.1518, -0.2426, 0, 0, 0]
rectification_matrix:
  rows: 3
  cols: 3
  data: [1, 0, 0, 0, 1, 0, 0, 0, 1]
projection_matrix:
  rows: 3
  cols: 4
  data: [524.8780 , 0, 322.2201, 0, 0, 525.2206, 252.2441, 0, 0, 0, 1, 0]