image_width: 640
image_height: 480
camera_name: rgb_B00366627745048B
camera_matrix:
  rows: 3
  cols: 3
  data: [530.871929, 0, 309.633482, 0, 531.987242, 257.565487, 0, 0, 1]
distortion_model: plumb_bob
distortion_coefficients:
  rows: 1
  cols: 5
  data: [0.146139, -0.255814, 0.000772, -0.004408, 0]
rectification_matrix:
  rows: 3
  cols: 3
  data: [1, 0, 0, 0, 1, 0, 0, 0, 1]
projection_matrix:
  rows: 3
  cols: 4
  data: [540.0401, 0, 306.376509, 0, 0, 543.302185, 257.376179, 0, 0, 0, 1, 0]