image_width: 640
image_height: 480
camera_name: depth_A00364A01940048A
camera_matrix:
  rows: 3
  cols: 3
  data: [584.0840 , 0, 331.5986, 0, 585.1487, 244.1483, 0, 0, 1]
distortion_model: plumb_bob
distortion_coefficients:
  rows: 1
  cols: 5
  data: [-0.0611, 0.1331, 0, 0, 0]
rectification_matrix:
  rows: 3
  cols: 3
  data: [1, 0, 0, 0, 1, 0, 0, 0, 1]
projection_matrix:
  rows: 3
  cols: 4
  data: [584.0840 , 0, 331.5986, 0, 0, 585.1487, 244.1483, 0, 0, 0, 1, 0]